equInduc
  4 10
  0.038233
  0.00737843  0.00316302  0.00316302  0.0146987  
  0.038433
  0.00735272  0.00315043  0.00315043  0.0147271  
  0.038633
  0.00732693  0.00313818  0.00313818  0.0147566  
  0.038833
  0.00730167  0.00312641  0.00312641  0.0147883  
  0.039033
  0.00727671  0.00311529  0.00311529  0.0148212  
  0.039233
  0.00725257  0.00310472  0.00310472  0.0148557  
  0.039433
  0.00722883  0.00309465  0.00309465  0.0148932  
  0.039633
  0.00720566  0.00308491  0.00308491  0.014933  
  0.039833
  0.0071828  0.00307516  0.00307516  0.0149734  
  0.04
  0.00716393  0.00306675  0.00306675  0.0150081  
