PhaseB
  5 10
  0.038233
  0  0  -6.5284e-006  -0.184182  6.4653  
  0.038433
  0  0  -6.71517e-006  -0.182852  6.65026  
  0.038633
  0  0  -6.76367e-006  -0.181512  6.6983  
  0.038833
  0  0  -6.90835e-006  -0.180144  6.84158  
  0.039033
  0  0  -6.92894e-006  -0.178771  6.86197  
  0.039233
  0  0  -7.04517e-006  -0.177376  6.97708  
  0.039433
  0  0  -7.18709e-006  -0.175952  7.11763  
  0.039633
  0  0  -7.33034e-006  -0.1745  7.25949  
  0.039833
  0  0  -7.4765e-006  -0.17302  7.40424  
  0.04
  0  0  -7.60643e-006  -0.171762  7.53291  
