Induced Coil Voltages at Rated Speed
Electric Degree
(Volts)
0	0.000000
1	-0.000002
2	-0.000004
3	-0.000006
4	-0.000009
5	-0.000012
6	-0.000016
7	-0.000021
8	-0.000028
9	-0.000036
10	-0.000046
11	-0.000059
12	-0.000076
13	-0.000098
14	-0.000126
15	-0.000163
16	-0.000212
17	-0.000276
18	-0.000363
19	-0.000480
20	-0.000641
21	-0.000868
22	-0.001198
23	-0.001710
24	-0.002581
25	-0.004234
26	-0.007434
27	-0.012440
28	-0.017447
29	-0.020647
30	-0.022300
31	-0.023171
32	-0.023682
33	-0.024013
34	-0.024240
35	-0.024401
36	-0.024518
37	-0.024604
38	-0.024669
39	-0.024718
40	-0.024755
41	-0.024783
42	-0.024805
43	-0.024822
44	-0.024835
45	-0.024845
46	-0.024853
47	-0.024859
48	-0.024863
49	-0.024867
50	-0.024870
51	-0.024872
52	-0.024874
53	-0.024876
54	-0.024877
55	-0.024878
56	-0.024878
57	-0.024879
58	-0.024879
59	-0.024880
60	-0.024880
61	-0.024880
62	-0.024880
63	-0.024880
64	-0.024880
65	-0.024880
66	-0.024881
67	-0.024881
68	-0.024881
69	-0.024881
70	-0.024881
71	-0.024881
72	-0.024881
73	-0.024881
74	-0.024881
75	-0.024881
76	-0.024881
77	-0.024881
78	-0.024881
79	-0.024881
80	-0.024881
81	-0.024881
82	-0.024881
83	-0.024881
84	-0.024881
85	-0.024881
86	-0.024881
87	-0.024881
88	-0.024881
89	-0.024881
90	-0.024881
91	-0.024881
92	-0.024881
93	-0.024881
94	-0.024881
95	-0.024881
96	-0.024881
97	-0.024881
98	-0.024881
99	-0.024881
100	-0.024881
101	-0.024881
102	-0.024881
103	-0.024881
104	-0.024881
105	-0.024881
106	-0.024881
107	-0.024881
108	-0.024881
109	-0.024881
110	-0.024881
111	-0.024881
112	-0.024881
113	-0.024881
114	-0.024881
115	-0.024880
116	-0.024880
117	-0.024880
118	-0.024880
119	-0.024880
120	-0.024880
121	-0.024880
122	-0.024879
123	-0.024879
124	-0.024878
125	-0.024878
126	-0.024877
127	-0.024876
128	-0.024874
129	-0.024872
130	-0.024870
131	-0.024867
132	-0.024863
133	-0.024859
134	-0.024853
135	-0.024845
136	-0.024835
137	-0.024822
138	-0.024805
139	-0.024783
140	-0.024755
141	-0.024718
142	-0.024669
143	-0.024604
144	-0.024518
145	-0.024401
146	-0.024240
147	-0.024013
148	-0.023682
149	-0.023171
150	-0.022300
151	-0.020647
152	-0.017447
153	-0.012440
154	-0.007434
155	-0.004234
156	-0.002581
157	-0.001710
158	-0.001198
159	-0.000868
160	-0.000641
161	-0.000480
162	-0.000363
163	-0.000276
164	-0.000212
165	-0.000163
166	-0.000126
167	-0.000098
168	-0.000076
169	-0.000059
170	-0.000046
171	-0.000036
172	-0.000028
173	-0.000021
174	-0.000016
175	-0.000012
176	-0.000009
177	-0.000006
178	-0.000004
179	-0.000002
180	0.000000
181	0.000002
182	0.000004
183	0.000006
184	0.000009
185	0.000012
186	0.000016
187	0.000021
188	0.000028
189	0.000036
190	0.000046
191	0.000059
192	0.000076
193	0.000098
194	0.000126
195	0.000163
196	0.000212
197	0.000276
198	0.000363
199	0.000480
200	0.000641
201	0.000868
202	0.001198
203	0.001710
204	0.002581
205	0.004234
206	0.007434
207	0.012440
208	0.017447
209	0.020647
210	0.022300
211	0.023171
212	0.023682
213	0.024013
214	0.024240
215	0.024401
216	0.024518
217	0.024604
218	0.024669
219	0.024718
220	0.024755
221	0.024783
222	0.024805
223	0.024822
224	0.024835
225	0.024845
226	0.024853
227	0.024859
228	0.024863
229	0.024867
230	0.024870
231	0.024872
232	0.024874
233	0.024876
234	0.024877
235	0.024878
236	0.024878
237	0.024879
238	0.024879
239	0.024880
240	0.024880
241	0.024880
242	0.024880
243	0.024880
244	0.024880
245	0.024880
246	0.024881
247	0.024881
248	0.024881
249	0.024881
250	0.024881
251	0.024881
252	0.024881
253	0.024881
254	0.024881
255	0.024881
256	0.024881
257	0.024881
258	0.024881
259	0.024881
260	0.024881
261	0.024881
262	0.024881
263	0.024881
264	0.024881
265	0.024881
266	0.024881
267	0.024881
268	0.024881
269	0.024881
270	0.024881
271	0.024881
272	0.024881
273	0.024881
274	0.024881
275	0.024881
276	0.024881
277	0.024881
278	0.024881
279	0.024881
280	0.024881
281	0.024881
282	0.024881
283	0.024881
284	0.024881
285	0.024881
286	0.024881
287	0.024881
288	0.024881
289	0.024881
290	0.024881
291	0.024881
292	0.024881
293	0.024881
294	0.024881
295	0.024880
296	0.024880
297	0.024880
298	0.024880
299	0.024880
300	0.024880
301	0.024880
302	0.024879
303	0.024879
304	0.024878
305	0.024878
306	0.024877
307	0.024876
308	0.024874
309	0.024872
310	0.024870
311	0.024867
312	0.024863
313	0.024859
314	0.024853
315	0.024845
316	0.024835
317	0.024822
318	0.024805
319	0.024783
320	0.024755
321	0.024718
322	0.024669
323	0.024604
324	0.024518
325	0.024401
326	0.024240
327	0.024013
328	0.023682
329	0.023171
330	0.022300
331	0.020647
332	0.017447
333	0.012440
334	0.007434
335	0.004234
336	0.002581
337	0.001710
338	0.001198
339	0.000868
340	0.000641
341	0.000480
342	0.000363
343	0.000276
344	0.000212
345	0.000163
346	0.000126
347	0.000098
348	0.000076
349	0.000059
350	0.000046
351	0.000036
352	0.000028
353	0.000021
354	0.000016
355	0.000012
356	0.000009
357	0.000006
358	0.000004
359	0.000002
360	-0.000000
One-Conductor Voltage
0	0.022300
1	0.020645
2	0.017443
3	0.012434
4	0.007424
5	0.004221
6	0.002564
7	0.001688
8	0.001171
9	0.000832
10	0.000595
11	0.000421
12	0.000287
13	0.000179
14	0.000086
15	0.000000
16	-0.000086
17	-0.000179
18	-0.000287
19	-0.000421
20	-0.000595
21	-0.000832
22	-0.001171
23	-0.001688
24	-0.002564
25	-0.004221
26	-0.007424
27	-0.012434
28	-0.017443
29	-0.020645
30	-0.022300
31	-0.023173
32	-0.023686
33	-0.024019
34	-0.024249
35	-0.024413
36	-0.024534
37	-0.024626
38	-0.024696
39	-0.024753
40	-0.024800
41	-0.024842
42	-0.024881
43	-0.024919
44	-0.024961
45	-0.025008
46	-0.025064
47	-0.025135
48	-0.025226
49	-0.025347
50	-0.025511
51	-0.025740
52	-0.026073
53	-0.026585
54	-0.027457
55	-0.029111
56	-0.032312
57	-0.037319
58	-0.042326
59	-0.045527
60	-0.047180
61	-0.048051
62	-0.048562
63	-0.048893
64	-0.049120
65	-0.049281
66	-0.049398
67	-0.049485
68	-0.049549
69	-0.049598
70	-0.049635
71	-0.049664
72	-0.049685
73	-0.049702
74	-0.049715
75	-0.049725
76	-0.049733
77	-0.049739
78	-0.049744
79	-0.049748
80	-0.049751
81	-0.049753
82	-0.049755
83	-0.049756
84	-0.049757
85	-0.049758
86	-0.049759
87	-0.049760
88	-0.049760
89	-0.049760
90	-0.049761
91	-0.049761
92	-0.049761
93	-0.049761
94	-0.049761
95	-0.049761
96	-0.049761
97	-0.049761
98	-0.049761
99	-0.049761
100	-0.049761
101	-0.049761
102	-0.049761
103	-0.049761
104	-0.049761
105	-0.049761
106	-0.049761
107	-0.049761
108	-0.049761
109	-0.049761
110	-0.049761
111	-0.049761
112	-0.049761
113	-0.049761
114	-0.049761
115	-0.049761
116	-0.049761
117	-0.049761
118	-0.049761
119	-0.049761
120	-0.049761
121	-0.049760
122	-0.049760
123	-0.049760
124	-0.049759
125	-0.049758
126	-0.049757
127	-0.049756
128	-0.049755
129	-0.049753
130	-0.049751
131	-0.049748
132	-0.049744
133	-0.049739
134	-0.049733
135	-0.049725
136	-0.049715
137	-0.049702
138	-0.049685
139	-0.049664
140	-0.049635
141	-0.049598
142	-0.049549
143	-0.049485
144	-0.049398
145	-0.049281
146	-0.049120
147	-0.048893
148	-0.048562
149	-0.048051
150	-0.047180
151	-0.045527
152	-0.042326
153	-0.037319
154	-0.032312
155	-0.029111
156	-0.027457
157	-0.026585
158	-0.026073
159	-0.025740
160	-0.025511
161	-0.025347
162	-0.025226
163	-0.025135
164	-0.025064
165	-0.025008
166	-0.024961
167	-0.024919
168	-0.024881
169	-0.024842
170	-0.024800
171	-0.024753
172	-0.024696
173	-0.024626
174	-0.024534
175	-0.024413
176	-0.024249
177	-0.024019
178	-0.023686
179	-0.023173
180	-0.022300
181	-0.020645
182	-0.017443
183	-0.012434
184	-0.007424
185	-0.004221
186	-0.002564
187	-0.001688
188	-0.001171
189	-0.000832
190	-0.000595
191	-0.000421
192	-0.000287
193	-0.000179
194	-0.000086
195	0.000000
196	0.000086
197	0.000179
198	0.000287
199	0.000421
200	0.000595
201	0.000832
202	0.001171
203	0.001688
204	0.002564
205	0.004221
206	0.007424
207	0.012434
208	0.017443
209	0.020645
210	0.022300
211	0.023173
212	0.023686
213	0.024019
214	0.024249
215	0.024413
216	0.024534
217	0.024626
218	0.024696
219	0.024753
220	0.024800
221	0.024842
222	0.024881
223	0.024919
224	0.024961
225	0.025008
226	0.025064
227	0.025135
228	0.025226
229	0.025347
230	0.025511
231	0.025740
232	0.026073
233	0.026585
234	0.027457
235	0.029111
236	0.032312
237	0.037319
238	0.042326
239	0.045527
240	0.047180
241	0.048051
242	0.048562
243	0.048893
244	0.049120
245	0.049281
246	0.049398
247	0.049485
248	0.049549
249	0.049598
250	0.049635
251	0.049664
252	0.049685
253	0.049702
254	0.049715
255	0.049725
256	0.049733
257	0.049739
258	0.049744
259	0.049748
260	0.049751
261	0.049753
262	0.049755
263	0.049756
264	0.049757
265	0.049758
266	0.049759
267	0.049760
268	0.049760
269	0.049760
270	0.049761
271	0.049761
272	0.049761
273	0.049761
274	0.049761
275	0.049761
276	0.049761
277	0.049761
278	0.049761
279	0.049761
280	0.049761
281	0.049761
282	0.049761
283	0.049761
284	0.049761
285	0.049761
286	0.049761
287	0.049761
288	0.049761
289	0.049761
290	0.049761
291	0.049761
292	0.049761
293	0.049761
294	0.049761
295	0.049761
296	0.049761
297	0.049761
298	0.049761
299	0.049761
300	0.049761
301	0.049760
302	0.049760
303	0.049760
304	0.049759
305	0.049758
306	0.049757
307	0.049756
308	0.049755
309	0.049753
310	0.049751
311	0.049748
312	0.049744
313	0.049739
314	0.049733
315	0.049725
316	0.049715
317	0.049702
318	0.049685
319	0.049664
320	0.049635
321	0.049598
322	0.049549
323	0.049485
324	0.049398
325	0.049281
326	0.049120
327	0.048893
328	0.048562
329	0.048051
330	0.047180
331	0.045527
332	0.042326
333	0.037319
334	0.032312
335	0.029111
336	0.027457
337	0.026585
338	0.026073
339	0.025740
340	0.025511
341	0.025347
342	0.025226
343	0.025135
344	0.025064
345	0.025008
346	0.024961
347	0.024919
348	0.024881
349	0.024842
350	0.024800
351	0.024753
352	0.024696
353	0.024626
354	0.024534
355	0.024413
356	0.024249
357	0.024019
358	0.023686
359	0.023173
360	0.022300
One-Turn Voltage
